##BLOCKS= 1          
Plate:	Plate#1	1.3	PlateFormat	Endpoint	Absorbance	Raw	FALSE	1						1	600	1	9	96	1	8	None	
	Temperature(¡C)	1	2	3	4	5	6	7	8	9	10	11	12		
	26.00	0.0496	0.0541	0.047	0.0422	0.0527	0.0483	0.0479	0.0745	0.0583					
		0.8103	1.0687	1.1288	0.7318	1.112	1.0114	1.0936	0.9208	0.9599					
		1.0529	1.0181	1.1074	0.9598	0.9716	0.9921	1.0095	0.9351	0.9915					
		1.0808	1.0135	1.0457	0.9846	0.9972	1.0318	1.0183	1.0057	0.9943					
		1.0852	1.0299	1.0639	1.0264	1.0265	1.0277	1.0651	1.0514	0.9648					
		0.0536	0.0518	0.0492	0.0472	0.051	0.0585	0.0553	0.0665	0.0818					
		1.0587	1.0048	1.0208	1.0366	1.0789	0.9409	1.143	1.1841	1.1616					
		0.9527	1.1336	1.0493	1.0753	1.0302	1.0562	1.1143	1.0816	1.0874					
		
~End
