##BLOCKS= 1          
Plate:	Plate#1	1.3	PlateFormat	Endpoint	Absorbance	Raw	FALSE	1						1	600	1	9	96	1	8	None	
	Temperature(¡C)	1	2	3	4	5	6	7	8	9	10	11	12		
	25.60	0.0496	0.0528	0.0466	0.0442	0.0539	0.0464	0.0488	0.071	0.0525					
		0.8079	0.9714	0.9784	0.6406	0.973	0.8887	0.9792	0.8307	0.8028					
		0.9949	0.9599	0.9637	0.8903	0.9016	0.8749	0.8768	0.8576	0.843					
		1.0074	0.9568	0.9524	0.9088	0.8901	0.923	0.8739	0.895	0.8421					
		1.0192	0.9724	0.9591	0.9019	0.9449	0.9755	0.9294	0.9106	0.8377					
		0.0541	0.0514	0.0508	0.055	0.1519	0.1587	0.2167	0.1819	0.3085					
		0.8827	0.8655	0.8586	0.865	0.9219	0.8743	1.0613	1.0936	1.1183					
		0.8042	1.0113	0.8543	0.9397	0.9205	1.0295	1.1173	1.1137	1.1111					
		
~End
