##BLOCKS= 1          
Plate:	Plate#1	1.3	PlateFormat	Endpoint	Fluorescence	FALSE	Raw	FALSE	1						1	515	1	9	96	485	Automatic	515			15	Automatic			1	8	None	
	Temperature(¡C)	1	2	3	4	5	6	7	8	9	10	11	12		
	23.60	1.202	4.055	0.58	4.174	1.994	6.406	2.949	5.11	9.604					
		21813.418	#Sat	#Sat	19477.021	17949.736	20544.324	18539.922	6097.105	11718.668					
		20767.234	#Sat	20112.975	20736.092	19612.645	19779.572	17881.426	5060.358	11557.825					
		21707.023	22005.855	21611.586	13808.553	19295.344	19118.322	19437.176	6340.262	10883.819					
		#Sat	22733.107	16961.35	5124.013	20508.049	20037.6	19410.623	19211.146	15868.727					
		46.012	47.999	42.934	43.573	48.182	48.329	45.449	50.575	47.212					
		3447.158	21942.104	23034.223	22285.107	22881.527	22177.006	22926.303	22861.234	12392.247					
		19516.229	22202.35	22312.123	23018.545	22097.914	21667.215	23668.578	22377.25	15090.157					
		
~End
