##BLOCKS= 1          
Plate:	Plate#1	1.3	PlateFormat	Endpoint	Absorbance	Raw	FALSE	1						1	600	1	9	96	1	8	None	
	Temperature(¡C)	1	2	3	4	5	6	7	8	9	10	11	12		
	25.20	0.0495	0.0527	0.047	0.0428	0.0536	0.048	0.0492	0.0708	0.0581					
		0.8533	1.0293	1.0656	0.7218	1.0659	0.9736	1.0853	0.925	0.897					
		1.0353	1.0271	1.0598	0.9706	0.9933	0.9929	1	0.9527	0.9559					
		1.0445	1.0323	1.0813	0.9937	1.0166	1.0165	0.9984	1.003	0.9733					
		1.0862	1.0714	1.1003	1.0102	1.036	1.0321	1.0445	1.0341	0.9743					
		0.0532	0.0522	0.0494	0.0493	0.0513	0.0595	0.0564	0.0666	0.0828					
		0.9942	0.9762	0.9858	0.9879	1.0051	0.8405	1.0791	1.1099	1.0822					
		0.924	1.1334	1.0101	1.0929	1.039	1.0484	1.1081	1.0707	1.0928					
		
~End
