##BLOCKS= 1          
Plate:	Plate#1	1.3	PlateFormat	Endpoint	Absorbance	Raw	FALSE	1						1	600	1	9	96	1	8	None	
	Temperature(¡C)	1	2	3	4	5	6	7	8	9	10	11	12		
	23.30	0.0494	0.0541	0.0471	0.0404	0.0487	0.0508	0.0485	0.0738	0.0582					
		0.8623	1.1972	1.1997	0.7944	1.2492	1.128	1.2005	1.0458	1.1704					
		1.182	1.0599	1.1294	0.9748	1.0812	1.0278	1.1873	0.984	1.0834					
		1.2638	1.0703	1.1997	0.9907	1.154	1.056	1.1776	1.0757	1.1851					
		1.346	1.1687	1.2792	1.1698	1.1035	1.0909	1.2079	1.2252	1.202					
		0.0496	0.0438	0.3411	0.2072	0.0497	0.0534	0.4693	0.2431	0.0816					
		1.2802	1.0911	1.1159	1.0971	1.2092	1.0222	1.3238	1.3436	1.3009					
		1.1221	1.3783	1.2469	1.3006	1.2198	1.3204	1.4089	1.3122	1.337					
		
~End
