##BLOCKS= 1          
Plate:	Plate#1	1.3	PlateFormat	Kinetic	Fluorescence	FALSE	Raw	FALSE	49	14400	300				1	515	1	9	96	485	Automatic	515			15	Low			1	8	None	
Time(hh:mm:ss)	Temperature(¡C)	1	2	3	4	5	6	7	8	9	10	11	12		
0:00	26.00	0.474	2.883	0.35	0.495	2.174	6.409	0.954	3.123	4.454					
		11251.394	11430.83	11396.334	9354.141	9074.687	9604.801	9281.378	9950.887	9735.742					
		11516.738	11459.07	11240.46	9356.361	9782.459	9891.979	9664.696	9637.706	9600.348					
		11643.618	11570.654	11461.551	9498.682	9447.743	9768.387	9745.064	9762.919	9694.406					
		11467.229	11405.396	11523.596	9736.502	9503.525	9708.247	9653.716	9751.45	9839.946					
		50.222	51.184	50.604	49.504	51.206	51.433	49.226	53.583	55.456					
		10019.651	10502.449	10599.491	10758.84	11437.809	11716.789	12459.706	13190.56	11807.919					
		10642.958	10471.14	10664.649	11553.492	11413.931	11705.447	13285.99	13128.257	13054.368					
		
5:00	26.00	0.435	3.127	0.561	0.392	1.448	7.051	0.91	3.226	4.469					
		11298.015	11364.377	11323.755	9348.916	9092.329	9529.933	9220.521	9880.457	9679.121					
		11544.589	11395.264	11250.704	9285.444	9690.517	9803.566	9615.244	9581.61	9530.378					
		11631.649	11464.563	11381.568	9449.853	9364.96	9691.896	9669.748	9698.501	9663.645					
		11435.925	11344.363	11450.709	9658.872	9421.945	9620.417	9574.714	9730.945	9743.932					
		49.305	50.829	49.523	49.063	50.886	50.322	48.667	53.769	55.571					
		10019.805	10498.068	10592.58	10746.193	11412.289	11720.061	12417.412	13165.871	11767.049					
		10653.486	10451.938	10621.789	11511.665	11421.625	11672.826	13255.422	13108.998	13050.52					
		
10:00	26.00	0.462	3.642	0.556	0.577	1.921	6.595	1.83	3.134	4.783					
		11229.402	11314.501	11206.972	9232.669	8969.448	9475.209	9143.97	9774.55	9635.356					
		11432.148	11284.121	11146.629	9203.167	9626.3	9709.077	9559.726	9537.855	9463.269					
		11545.845	11416.429	11275.951	9364.839	9309.157	9646.187	9576.622	9647.486	9612.148					
		11327.987	11233.114	11376.372	9553.556	9329.069	9550.588	9534.36	9675.472	9693.907					
		50.017	49.801	50.11	49.663	50.341	49.533	48.478	52.821	55.092					
		9986.483	10462.235	10566.536	10740.146	11392.757	11658.497	12403.285	13154.936	11730.419					
		10591.869	10429.984	10585.922	11483.074	11408.733	11636.158	13207.616	13072.84	13026.245					
		
15:00	25.90	0.439	2.777	0.49	0.549	1.556	5.941	1.519	3.394	4.998					
		11205.11	11305.403	11206.693	9189.702	8883.056	9460.913	9183.564	9775.242	9623.282					
		11402.285	11274.49	11084.866	9214.568	9631.979	9708.39	9572.425	9552.228	9470.823					
		11522.608	11400.47	11252.364	9368.811	9308.212	9631.228	9570.593	9643.028	9616.144					
		11303.834	11228.481	11350.374	9512.316	9340.017	9547.332	9528.736	9653.005	9694.611					
		49.356	49.472	48.893	49.064	50.157	49.718	48.313	53.262	55.385					
		10011.593	10494.04	10619.081	10778.843	11407.093	11690.033	12418.176	13172.637	11757.218					
		10626.932	10473.674	10632.188	11511.561	11438.609	11656.463	13226.874	13099.125	13044.973					
		
20:00	25.90	0.549	3.246	0.346	0.49	1.787	6.504	1.181	3.04	5.423					
		11232.646	11312.135	11252.09	9228.921	8815.241	9503.734	9220.107	9821.408	9636.543					
		11455.957	11326.614	11077.65	9241.011	9679.877	9760.759	9604.474	9567.256	9527.842					
		11568.839	11425.797	11314.233	9403.118	9322.573	9665.271	9626.875	9713.857	9640.001					
		11355.118	11275.935	11369.295	9527.686	9387.594	9601.231	9582.81	9670.325	9742.668					
		49.641	49.659	49.854	48.218	50.314	50.299	47.811	52.843	54.989					
		10102.631	10570.797	10674.247	10833.23	11491.394	11794.635	12494.764	13231.551	11827.276					
		10726.261	10554.006	10729.846	11584.757	11483.148	11727.778	13293.041	13164.608	13066.051					
		
25:00	25.80	0.539	3.543	0.523	0.608	1.529	6.81	1.181	3.065	5.488					
		11109.215	11201.754	11144.818	9114.533	8723.014	9397.576	9143.389	9705.997	9552.244					
		11334.849	11223.645	10957.517	9146.374	9590.956	9653.257	9530.21	9500.164	9413.977					
		11440.511	11306.098	11212.498	9320.171	9246.981	9580.252	9564.906	9623.427	9541.916					
		11253.844	11151.491	11257.352	9450.508	9300.152	9507.357	9495.679	9580.568	9631.97					
		49.382	49.493	49.105	48.02	50.291	50.022	48.15	52.607	54.672					
		10035.951	10522.321	10597.446	10757.191	11427.879	11711.145	12373.309	13116.761	11737.684					
		10632.251	10488.788	10670.837	11495.718	11419.866	11637.251	13191.019	13055.27	12978.676					
		
30:00	25.70	0.587	3.616	0.62	0.671	1.361	6.747	2.192	3.378	5.784					
		11181.851	11282.645	11209.232	9167.18	8757.184	9477.779	9207.63	9768.872	9618.876					
		11405.845	11280.782	11075.802	9239.299	9672.091	9729.541	9623.051	9580.565	9487.542					
		11521.294	11383.646	11250.079	9385.441	9317.206	9652.217	9614.132	9687.604	9609.612					
		11309.485	11224.186	11346.207	9523.568	9362.224	9568.343	9585.888	9659.482	9691.743					
		49.166	49.553	49.584	48.502	49.945	50.226	48.335	53.291	54.418					
		10131.652	10616.297	10742.855	10892.091	11529.967	11821.669	12530.703	13256.055	11819.589					
		10757.841	10609.766	10777.645	11611.382	11540.305	11742.02	13291.812	13170.509	13109.057					
		
35:00	25.60	0.416	3.292	0.355	0.391	1.294	6.264	1.946	3.668	5.759					
		11155.303	11248.973	11181.587	9152.291	8709.1	9481.258	9194.739	9767.895	9601.2					
		11367.972	11244.897	11071.811	9231.239	9651.182	9714.94	9604.734	9562.024	9470.284					
		11467.283	11379.454	11229.098	9363.165	9307.393	9648.449	9600.763	9671.909	9585.217					
		11275.225	11211.942	11324.04	9515.141	9344.522	9551.026	9575.928	9660.514	9679.719					
		48.922	49.95	49.55	48.514	50.484	50.185	48.308	53.192	54.477					
		10151.24	10626.775	10755.402	10917.256	11538.609	11834.118	12526.29	13253.283	11824.229					
		10760.251	10624.549	10773.696	11636.83	11557.575	11759.593	13297.681	13175.792	13108.142					
		
40:00	25.60	0.528	3.421	0.771	0.674	2.559	6.096	1.889	3.831	5.972					
		11155.619	11254.157	11204.443	9119.605	8678.685	9470.694	9229.399	9749.834	9577.932					
		11354.763	11244.343	11065.191	9224.806	9653.434	9710.962	9604.271	9549.327	9460.085					
		11463.052	11346.524	11259	9353.149	9303.198	9656.178	9620.466	9661.733	9581.484					
		11254.428	11200.487	11315.03	9493.833	9353.051	9556.847	9568.59	9653.961	9676.728					
		49.124	49.366	49.14	49.135	50.509	50.797	48.777	53.59	54.389					
		10183.746	10647.035	10789.509	10943.041	11586.274	11863.422	12544.949	13291.713	11843.428					
		10774.263	10641.107	10832.098	11649.161	11585.002	11772.997	13335.283	13181.916	13141.397					
		
45:00	25.50	0.434	3.492	0.791	0.715	2.703	6.201	1.817	3.799	6.195					
		11105.287	11208.676	11175.426	9140.421	8656.792	9436.461	9225.12	9730.31	9533.207					
		11323.78	11217.427	11102.732	9200.039	9634.906	9711.346	9590.62	9543.292	9437.479					
		11424.807	11326.06	11215.509	9349.83	9268.604	9616.621	9596.624	9660.418	9543.905					
		11234.656	11178.103	11291.17	9463.417	9337.096	9538.28	9561.713	9680.48	9656.441					
		48.747	49.894	48.439	48.82	50.18	50.132	47.538	52.877	54.863					
		10179.226	10665.784	10797.012	10956.113	11604.687	11877.869	12546.149	13253.844	11852.745					
		10779.199	10641.306	10845.688	11670.55	11575.262	11795.354	13324.287	13187.515	13136.242					
		
50:00	25.40	0.567	3.75	0.528	0.473	1.902	6.808	1.217	3.473	6.328					
		11129.619	11216.495	11192.511	9155.122	8683.534	9482.035	9251.254	9741.982	9588.832					
		11326.74	11250.22	11109.92	9202.818	9652.118	9724.838	9625.167	9563.372	9454.166					
		11424.95	11320.523	11248.53	9375.354	9318.98	9650.562	9628.44	9679.499	9595.44					
		11260.643	11198.745	11306.508	9495.445	9371.53	9568.935	9580.056	9665.431	9669.428					
		49.056	50.104	49.117	48.865	50.011	50.702	47.913	52.011	54.344					
		10226.669	10738.063	10874.964	11025.533	11691.464	11956.88	12582.66	13328.518	11895.239					
		10815.214	10707.536	10904.423	11729.065	11667.39	11851.877	13380.922	13229.473	13219.501					
		
55:00	25.40	0.684	3.91	0.546	0.596	1.05	6.504	2.003	4.048	6.386					
		11031.627	11134.83	11084.727	9090.94	8637.313	9382.748	9159.759	9654.809	9497.208					
		11216.591	11137.402	11053.951	9159.042	9577.485	9642.016	9546.598	9487.227	9366.265					
		11347.384	11217.411	11132.975	9299.91	9234.858	9569.579	9547.035	9589.753	9488.705					
		11139.331	11102.276	11223.247	9423.208	9291.366	9475.816	9508.665	9614.959	9589.07					
		48.913	49.778	49.174	48.85	49.675	50.077	47.863	53.2	54.154					
		10155.604	10661.871	10807.111	10968.255	11618.208	11886.833	12531.259	13242.282	11802.745					
		10750.702	10637.311	10846.63	11667.443	11615.693	11777.432	13299.592	13157.917	13121.631					
		
1:00:00	25.30	0.54	3.902	0.482	0.388	1.179	6.288	1.852	3.427	6.62					
		11029.93	11120.866	11063.915	9086.604	8645.022	9395.354	9154.687	9637.666	9463.935					
		11215.087	11115.704	11058.934	9160.564	9578.227	9631.666	9537.198	9473.604	9340.361					
		11322.106	11209.892	11105.865	9283.348	9240.021	9563.278	9528.842	9592.386	9466.717					
		11114.845	11064.36	11203.715	9411.854	9293.013	9474.836	9501.528	9608.707	9576.11					
		48.502	49.613	49.319	48.095	50.042	49.864	48.336	52.614	53.145					
		10179.33	10686.469	10843.902	10992.196	11637.238	11906.49	12553.485	13247.909	11811.087					
		10779.428	10676.582	10888.237	11692.097	11646.259	11793.141	13320.488	13170.732	13131.687					
		
1:05:00	25.30	0.563	3.317	0.628	0.395	2.617	6.168	1.817	4.042	6.564					
		11036.953	11177.894	11145.396	9132.773	8697.632	9446.264	9246.121	9704.905	9514.74					
		11253.677	11169.024	11102.099	9206.627	9617.645	9683.881	9596.747	9531.893	9398.064					
		11355.611	11258.644	11186.35	9328.729	9291.816	9613.624	9601.289	9616.54	9512.742					
		11160.773	11121.87	11260.754	9449.4	9336.521	9535.277	9538.083	9646.293	9610.663					
		48.249	50.176	48.697	48.087	49.891	51.062	47.78	52.873	53.902					
		10252.353	10753.241	10924.537	11087.205	11753.929	12000.824	12669.773	13350.324	11907.342					
		10824.4	10738.303	10965.037	11768.737	11724.366	11884.8	13401.777	13252.831	13213.276					
		
1:10:00	25.20	0.572	3.385	1.101	0.564	2.019	6.987	1.6	3.522	6.538					
		10981.498	11111.88	11096.569	9115.627	8648.316	9394.781	9197.347	9657.363	9432.548					
		11204.068	11116.395	11060.571	9161.438	9579.106	9647.328	9540.69	9463.213	9342.187					
		11292.863	11207.957	11136.161	9293.764	9231.782	9563.298	9538.116	9577.751	9443.391					
		11123.138	11068.144	11202.955	9400.616	9307.649	9500.479	9479.421	9625.029	9571.637					
		48.777	49.805	48.893	47.984	50.038	50.044	47.39	52.178	54.065					
		10227.682	10757.023	10914.317	11065.982	11747.95	12009.934	12621.941	13316.362	11883.52					
		10814.624	10737.295	10958.035	11758.975	11695.154	11879.829	13378.208	13238.16	13161.938					
		
1:15:00	25.20	0.407	3.57	0.654	0.508	1.938	6.439	1.563	3.643	6.803					
		11001.005	11142.955	11102.955	9155.896	8707.367	9428.825	9223.859	9690.386	9489.305					
		11231.426	11149.266	11088.532	9177.994	9615.717	9685.051	9570.765	9497.033	9363.896					
		11316.431	11237.061	11166.353	9320.072	9289.934	9584.195	9571.571	9616.644	9502.2					
		11155.229	11108.078	11238.372	9435.189	9340.235	9534.646	9535.934	9642.273	9593.278					
		48.362	49.581	49.062	48.571	49.147	50.2	48.408	52.359	53.58					
		10291.17	10808.381	10981.604	11148.084	11827.41	12078.079	12709.055	13362.956	11929.755					
		10875.078	10792.146	11000.946	11839.636	11790.465	11932.091	13442.155	13301.063	13255.188					
		
1:20:00	25.10	0.415	3.619	0.733	0.435	1.457	5.954	2.268	3.725	7.262					
		10998.54	11125.403	11087.984	9137.87	8690.678	9430.265	9195.551	9655.814	9465.994					
		11190.043	11131.109	11112.71	9188.892	9597.707	9683.949	9559.148	9495.375	9334.053					
		11314.186	11211.555	11155.418	9321.816	9262.5	9604.097	9546.372	9615.061	9460.977					
		11122.044	11076.19	11226.874	9433.768	9320.663	9513.582	9523.648	9676.775	9560.024					
		48.909	49.986	48.876	47.967	49.713	50.182	48.266	52.222	53.112					
		10306.175	10822.204	10999.687	11158.427	11841.583	12083.306	12710.22	13373.293	11924.783					
		10925.247	10806.009	11029.572	11871.211	11822.724	11968.74	13459.766	13304.458	13271.847					
		
1:25:00	25.10	0.44	3.448	0.544	0.348	2.131	6.02	1.846	3.95	7.241					
		10920.998	11084.539	11015.503	9088.83	8646.885	9399.757	9185.76	9594.568	9407.157					
		11125.73	11056.734	11038.103	9144.288	9558.359	9619.615	9502.922	9445.438	9289.338					
		11234.114	11176.143	11079.836	9279.471	9221.99	9551.727	9515.254	9546.466	9416.42					
		11048.718	11030.599	11168.65	9385.477	9280.898	9478.137	9476.115	9621.513	9518.548					
		48.412	49.65	49.144	48.277	49.927	49.353	47.962	52.257	52.431					
		10275.694	10786.844	10976.091	11144.024	11819.995	12062.469	12682.589	13354.979	11901.547					
		10899.527	10794.725	11000.752	11850.363	11784.104	11947.902	13416.4	13271.85	13214.071					
		
1:30:00	25.10	0.608	3.133	0.951	0.635	2.267	5.861	1.723	3.626	7.092					
		10938.018	11111.088	11072.315	9131.234	8679.951	9419.595	9199.03	9632.163	9430.299					
		11151.448	11094.654	11084.632	9185.664	9604.812	9658.159	9537.498	9468.659	9325.219					
		11258.974	11209.374	11145.312	9313.706	9258.18	9582.418	9543.417	9572.278	9436.521					
		11085.083	11061.493	11218.521	9410.029	9333.507	9497.114	9511.146	9647.237	9537.426					
		47.84	49.413	48.96	48.109	49.86	50.035	48.231	52.047	53.353					
		10331.725	10857.051	11043.287	11215.059	11907.548	12145.121	12750.055	13424.8	11959.703					
		10938.19	10833.751	11084.578	11903.783	11861.698	12004.869	13497.812	13341.428	13295.022					
		
1:35:00	25.00	0.508	3.333	1.183	0.544	1.987	6.407	1.887	3.937	7.226					
		10921.324	11053.764	11037.702	9118.9	8644.026	9378.674	9180.663	9612.802	9368.391					
		11109.6	11056.833	11025.259	9156.667	9574.226	9641.22	9505.016	9427.088	9287.059					
		11219.479	11137.849	11099.374	9276.572	9214.199	9545.097	9502.393	9541.403	9373.528					
		11050.555	11010.898	11147.658	9361.544	9306.205	9497.625	9451.48	9595.19	9498.581					
		48.17	49.484	47.908	49.022	49.616	49.505	47.588	51.982	52.946					
		10329.391	10849.88	11044.478	11202.263	11901.501	12138.492	12717.211	13373.041	11924.523					
		10944.107	10822.56	11076.836	11893.449	11838.423	11997.787	13475.643	13292.989	13255.358					
		
1:40:00	25.00	0.546	2.743	0.414	0.598	2.072	6.318	1.743	3.623	7.143					
		10884.846	11032.192	11010.628	9118.803	8643.71	9369.924	9158.329	9596.604	9351.775					
		11087.957	11035.398	11025.25	9140.208	9567.422	9625.019	9501.039	9418.157	9275.972					
		11180.859	11119.298	11064.575	9280.065	9225.66	9541.755	9490.356	9545.799	9377.003					
		11018.369	10994.971	11153.401	9368.764	9294.995	9475.277	9462.489	9592.242	9487.164					
		47.259	49.552	47.645	48.018	49.208	49.791	47.545	51.581	52.428					
		10315.994	10861.107	11071.46	11231.672	11920.686	12165.702	12743.41	13400.312	11936.967					
		10913.98	10853.677	11083.591	11907.338	11881.958	12016.624	13471.246	13299.105	13264.582					
		
1:45:00	25.00	0.511	3.001	0.492	0.439	1.653	5.92	2.184	3.301	7.268					
		10834.316	11003.253	10978.792	9087.584	8634.441	9357.008	9119.525	9550.145	9323.814					
		11048.802	11001.388	11010.978	9122.284	9548.528	9594.319	9485.323	9396.246	9235.829					
		11168.058	11094.369	11023.952	9258.113	9220.071	9516.888	9466.833	9491.297	9342.245					
		10966.96	10958.413	11122.211	9340.402	9266.717	9453.836	9433.801	9572.248	9434.004					
		47.706	49.29	48.015	48.095	49.097	49.579	47.63	51.713	52.548					
		10322.41	10869.357	11063.375	11240.388	11924.186	12147.411	12742.555	13361.711	11917.172					
		10964.879	10840.364	11082.441	11891.099	11885.092	11994.162	13460.251	13292.815	13280.303					
		
1:50:00	25.00	0.507	3.333	0.619	0.495	2.383	5.391	1.715	4	6.994					
		10816.884	10985.07	10935.263	9058.31	8612.179	9336.063	9106.189	9521.812	9294.722					
		10997.483	10952.647	10979.395	9094.66	9518.375	9562.762	9448.857	9362.396	9202.147					
		11094.127	11074.927	10995.24	9226.959	9185.151	9500.635	9431.802	9467.896	9302.921					
		10919.907	10917.12	11073.489	9312.459	9254.563	9438.486	9407.505	9559.411	9424.113					
		47.283	48.551	47.074	47.353	49.441	50.218	46.698	51.861	51.795					
		10310.865	10845.422	11052.062	11239.089	11920.021	12153.127	12725.101	13373.979	11905.374					
		10923.313	10831.495	11074.662	11901.036	11886.472	11995.199	13426.326	13269.129	13243.149					
		
1:55:00	24.90	0.468	3.14	1.177	0.626	2.871	5.485	1.965	3.237	6.91					
		10798.252	10981.838	10945.787	9053.867	8600.205	9331.092	9094.021	9523.726	9258.157					
		10999.023	10956.697	10979.572	9091.31	9521.691	9563.482	9438.26	9355.149	9181.17					
		11095.12	11062.872	10996.94	9238.037	9185.539	9502.791	9432.43	9458.757	9289.009					
		10895.448	10908.312	11077.676	9329.037	9249.831	9431.248	9407.532	9549.488	9388.687					
		47.447	49.729	47.768	47.652	49.715	49.697	46.902	51.939	51.107					
		10333	10869.039	11076.824	11273.411	11951.924	12193.372	12736.747	13379.827	11931.768					
		10952.137	10858.113	11116.366	11928.051	11909.925	12006.152	13453.095	13300.737	13263.409					
		
2:00:00	24.90	0.64	3.303	0.626	0.544	2.062	5.86	1.581	3.696	6.74					
		10764.479	10942.67	10935.271	9063.312	8583.29	9309.973	9088.852	9519.844	9240.613					
		10993.2	10937.356	10941.412	9092.288	9508.165	9551.782	9419.646	9338.105	9160.129					
		11072.013	11034.366	10985.071	9219.453	9159.103	9491.521	9416.67	9440.459	9253.861					
		10889.765	10899.577	11058.067	9287.246	9251.924	9415.819	9380.408	9512.802	9374.053					
		47.704	49.317	47.919	47.677	49.631	49.441	47.56	51.409	51.361					
		10332.424	10873.565	11091.951	11273.801	11960.678	12212.222	12740.353	13358.415	11928.23					
		10977.571	10874.492	11130.722	11933.134	11908.422	12024.359	13467.346	13288.947	13268.941					
		
2:05:00	24.90	0.554	3.665	0.603	0.607	2.072	6.09	2.094	3.643	6.77					
		10761.429	10943.496	10931.767	9076.381	8597.672	9324.048	9081.142	9524.638	9263.954					
		10981.836	10926.029	10967.582	9097.093	9508.18	9561.436	9421.633	9332.964	9162.138					
		11058.314	11034.672	10982.223	9247.015	9182.379	9496.294	9422.983	9444.981	9268.766					
		10899.159	10903.453	11075.704	9300.847	9263.77	9437.045	9391.543	9536.853	9385.907					
		47.24	49.601	48.832	48.04	48.907	49.85	47.556	51.365	51.056					
		10366.563	10916.793	11139.261	11309.479	12019.876	12246.521	12788.866	13415.999	11931.611					
		11004.474	10915.297	11147.264	11959.834	11951.331	12062.327	13498.187	13302.264	13293.504					
		
2:10:00	24.90	0.48	2.92	0.421	0.568	1.457	5.651	1.959	3.366	6.443					
		10668.324	10855.228	10848.363	8986.9	8559.344	9256.17	9005.35	9431.68	9173.312					
		10891.009	10845.836	10882.237	9023.89	9447.29	9492.053	9370.249	9270.488	9090.014					
		10984.857	10938.525	10892.576	9174.91	9135.604	9429.173	9356.965	9361.865	9189.151					
		10801.282	10819.893	10995.744	9235.396	9179.604	9367.836	9334.473	9465.181	9302.556					
		46.908	49.335	47.756	47.503	48.716	49.093	47.039	51.367	50.031					
		10311.779	10869.646	11093.18	11259.705	11953.379	12189.752	12728.115	13327.01	11874.229					
		10954.709	10848.449	11103.14	11898.195	11905.72	11989.243	13426.219	13247.717	13212.017					
		
2:15:00	24.80	0.399	3.244	0.573	0.573	2.579	5.795	1.677	3.81	6.781					
		10690.405	10866.075	10852.772	8996.628	8546.793	9274.046	9020.178	9439.616	9153.975					
		10891.119	10827.473	10882.848	9040.876	9464.008	9486.838	9355.199	9265.04	9086.868					
		10968.84	10936.982	10871.817	9163.803	9131.179	9425.668	9360.013	9355.331	9188.972					
		10796.99	10808.511	10993.966	9248.787	9200.721	9375.435	9323.98	9472.214	9304.095					
		46.884	48.776	47.573	47.056	48.701	49.059	46.343	50.808	50.732					
		10345.558	10884.818	11115.532	11314.168	11997.014	12208.365	12743.45	13353.439	11895.293					
		10977.704	10868.9	11132.003	11934.097	11935.176	11996.046	13438.591	13261.865	13236.553					
		
2:20:00	24.80	0.486	3.261	0.562	0.412	2.341	5.591	1.635	4.075	6.787					
		10687.298	10889.579	10881.178	9029.27	8572.771	9297.048	9047.412	9442.184	9180.293					
		10898.56	10855.334	10896.274	9063.456	9488.804	9516.239	9361.052	9275.044	9096.622					
		10984.514	10974.049	10931.926	9195.56	9162.101	9459.456	9381.826	9363.369	9209.313					
		10822.19	10816.666	11017.929	9273.897	9237.853	9411.596	9349.03	9486.649	9318.988					
		47.649	49.502	47.882	47.506	48.545	49.222	47.041	51.214	50.718					
		10386.118	10938.037	11177.484	11366.743	12055.913	12274.996	12796.316	13416.164	11942.465					
		11011.03	10907.231	11182.68	11978.105	11998.146	12055.392	13475.977	13316.29	13303.964					
		
2:25:00	24.80	0.468	2.746	1.123	0.58	2.355	6.014	1.959	3.733	6.349					
		10664.373	10868.281	10874.91	9046.658	8551.273	9288.787	9051.559	9469.754	9155.62					
		10889.655	10865.707	10887.993	9069.726	9487.55	9532.622	9362.123	9266.175	9088.784					
		10971.482	10949.816	10927.837	9206.004	9131.138	9444.586	9373.758	9363.233	9181.701					
		10813.208	10826.561	11023.047	9263.36	9221.774	9410.528	9328.395	9487.892	9299.366					
		47.314	49.696	48.34	47.666	49.247	49.684	47.409	51.077	50.23					
		10400.639	10961.349	11204.084	11384.347	12082.525	12312.315	12804.379	13428.147	11957.443					
		11038.06	10946.11	11220.78	12008.288	12011.974	12082.989	13502.053	13335.456	13305.707					
		
2:30:00	24.80	0.394	3.565	0.489	0.592	2.229	6.349	1.517	3.571	6.254					
		10652.894	10877.431	10860.071	9055.468	8570.637	9283.044	9055.873	9445.22	9165.957					
		10882.785	10852.273	10897.458	9057.593	9489.321	9524.442	9360.396	9270.304	9086.195					
		10965.884	10943.055	10915.022	9200.183	9158.264	9453.126	9371.55	9360.113	9179.341					
		10791.588	10822.706	11009.721	9278.131	9236.247	9417.794	9347.561	9480.734	9295.581					
		46.802	49.276	47.753	47.701	49.914	50.376	46.814	50.924	50.754					
		10416.54	10994.896	11221.845	11410.952	12121.137	12345.344	12828.156	13449.979	11965.149					
		11044.948	10968.345	11239.314	12010.849	12040.018	12087.007	13514.188	13336.583	13312.951					
		
2:35:00	24.80	0.441	3.369	0.607	0.512	2.165	5.906	2.116	3.489	6.036					
		10621.511	10851.284	10839.996	9024.226	8559.07	9266.438	9020.854	9423.725	9146.713					
		10838.983	10827.743	10862.268	9036.485	9465.439	9509.28	9344.801	9246.178	9047.862					
		10956.198	10908.504	10898.39	9202.666	9135.52	9429.901	9340.43	9329.694	9156.257					
		10756.345	10802.585	11003.338	9254.106	9218.816	9388.461	9330.519	9462.363	9277.673					
		47.362	49.125	47.441	47.392	48.442	49.554	46.603	50.85	50.799					
		10428.236	11031.731	11251.125	11423.955	12127.554	12358.482	12842.72	13444.076	11976.733					
		11042.938	10960.272	11235.877	12038.603	12050.322	12088.775	13529.538	13330.889	13318.3					
		
2:40:00	24.80	0.429	3.309	0.66	0.659	2.093	6.061	2.032	3.706	6.054					
		10574.623	10786.794	10759.617	8949.605	8510.208	9224.038	8950.223	9354.589	9065.519					
		10764.196	10738.859	10800.892	8972.113	9395.396	9445.133	9287.253	9190.877	8970.891					
		10875.633	10836.757	10813.263	9130.688	9087.374	9365.4	9272.657	9270.099	9075.979					
		10688.698	10710.296	10938.447	9193.765	9159.808	9317.661	9269.24	9390.169	9190.575					
		46.682	48.378	47.86	47.823	49.333	49.329	46.424	50.13	50.039					
		10379.156	10947.068	11206.128	11374.609	12065.365	12292.72	12789.735	13375.112	11872.812					
		11019.732	10917.076	11204.424	11975.915	12010.804	12029.666	13453.567	13280.538	13252.038					
		
2:45:00	24.80	0.496	2.976	1.311	0.396	2.929	5.937	1.734	3.985	5.869					
		10627.706	10863.15	10869.506	9032.732	8540.838	9291.629	9037.006	9413.045	9112.794					
		10834.646	10821.247	10885.01	9063.471	9486.318	9512.016	9346.631	9263.71	9053.176					
		10928.05	10917.025	10896.82	9198.947	9140.861	9437.471	9358.379	9323.527	9137.208					
		10751.274	10794.495	11014.285	9273.327	9241.584	9403.584	9335.301	9470.728	9269.237					
		46.098	49.45	47.82	47.593	48.753	49.882	45.73	50.135	49.81					
		10465.702	11055.093	11313.991	11492.563	12215.787	12403.485	12893.268	13483.402	11993.355					
		11083.986	11015.77	11309.325	12074.671	12123.462	12117.791	13562.899	13385.68	13358.185					
		
2:50:00	24.70	0.413	3.452	0.815	0.307	2.296	5.943	2.189	3.88	5.907					
		10525.851	10763.411	10777.546	8970.668	8476.619	9219.322	8973.583	9365.649	9033.061					
		10750.304	10736.766	10785.718	8978.756	9415.81	9449.805	9262.271	9181.447	8977.73					
		10840.532	10815.352	10820.324	9152.921	9069.429	9372.343	9277.085	9256.238	9038.212					
		10681.15	10701.122	10921.516	9179.749	9169.842	9333.115	9243.561	9383.281	9182.737					
		45.937	49.48	47.428	47.127	48.756	49.624	46.248	49.87	49.447					
		10422.494	10993.178	11248.629	11431.074	12150.259	12351.956	12825.031	13403.813	11908.358					
		11021.732	10950.92	11257.55	11997.41	12050.633	12053.944	13493.109	13286.47	13281.602					
		
2:55:00	24.70	0.586	3.474	0.623	0.549	2.398	6.094	2.13	3.854	5.703					
		10558.552	10809.141	10827.546	9041.811	8545.779	9267.133	9011.479	9417.48	9083.242					
		10800.071	10792.129	10848.202	9035.374	9462.275	9489.96	9322.441	9227.032	9009.608					
		10880.033	10871.992	10860.913	9195.211	9134.767	9427.935	9336.096	9310.389	9107.874					
		10707.116	10760.016	10979.47	9249.025	9228.785	9396.959	9313.841	9434.216	9242.204					
		45.714	48.94	47.541	47.463	49.043	49.118	46.897	50.552	49.412					
		10478.83	11076.832	11357.738	11516.124	12248.312	12455.27	12922.815	13475.685	12007.023					
		11115.604	11027.524	11352.646	12095.005	12163.035	12148.343	13575.292	13381.078	13383.783					
		
3:00:00	24.70	0.421	3.414	0.422	0.537	2.241	6.073	1.737	4.12	5.744					
		10562.605	10793.157	10793.518	8997.87	8528.024	9252.283	8980.187	9384.046	9053.617					
		10782.957	10769.828	10833.05	9014.188	9452.071	9477.995	9308.707	9213.385	8968.215					
		10876.376	10869.325	10853.05	9181.097	9129.012	9405.861	9328.38	9266.542	9080.171					
		10696.195	10747.104	10954.423	9217.09	9213.43	9383.9	9299.646	9413.288	9208.914					
		45.672	49.559	47.195	47.125	48.994	49.381	46.883	49.948	49.099					
		10494.209	11078.499	11363.514	11544.151	12255.09	12455.744	12918.572	13474.695	11983.89					
		11120.133	11040.985	11348.501	12100.647	12169.974	12154.079	13577.203	13393.546	13376.427					
		
3:05:00	24.70	0.535	3.109	0.621	0.417	2.536	5.786	1.286	3.886	5.669					
		10604.542	10830.657	10840.057	9031.688	8559.812	9285.842	9009.051	9408.477	9091.841					
		10830.283	10821.143	10864.357	9048.371	9478.698	9513.784	9342.251	9248.133	9017.432					
		10906.887	10885.939	10891.761	9204.579	9162.655	9443.375	9336.493	9304.854	9092.753					
		10737.618	10760.04	11019	9268.536	9250.503	9421.244	9322.524	9455.976	9223.652					
		46.758	48.46	47.822	47.341	49.587	49.462	46.478	50.211	48.809					
		10560.399	11128.125	11429.869	11606.123	12337.792	12535.001	12992.374	13572.448	12046.167					
		11191.831	11107.865	11414.791	12190.59	12247.952	12223.96	13640.547	13463.308	13428.024					
		
3:10:00	24.70	0.678	3.79	0.639	0.446	2.573	5.76	1.614	3.724	5.679					
		10456.104	10709.028	10729.35	8926.404	8443.144	9189.617	8937.475	9303.768	8962.125					
		10682.798	10681.02	10731.736	8950.876	9383.112	9421.142	9222.067	9135.176	8900.891					
		10762.791	10766.976	10780.942	9099.635	9060.899	9330.73	9252.832	9200.919	8986.545					
		10602.187	10638.625	10885.221	9168.247	9166.767	9326.672	9213.896	9331.119	9142.919					
		45.462	48.405	47.22	47.08	48.778	49.863	46.076	50.037	48.005					
		10458.992	11042.801	11333.609	11512.373	12215.485	12423.492	12883.45	13425.562	11939.036					
		11069.288	10993.796	11325.444	12057.863	12133.153	12106.894	13526.107	13326.918	13299.192					
		
3:15:00	24.70	0.671	3.332	1.328	0.567	2.179	6.325	1.598	3.703	5.571					
		10483.377	10739.102	10752.087	8959.81	8469.355	9216.73	8956.509	9337.638	8975.332					
		10714.374	10706.289	10758.092	8982.351	9413.086	9451.421	9237.197	9157.436	8934.456					
		10780.91	10778.936	10802.084	9129.82	9081.967	9363.988	9275.899	9221.755	8997.494					
		10638.005	10672.903	10924.386	9184.164	9187.609	9361.898	9247.575	9348.22	9147.405					
		45.922	48.349	47.22	47.146	48.471	49.985	45.8	49.384	48.481					
		10507.668	11107.329	11394.744	11564.476	12293.573	12484.619	12940.403	13464.063	11981.042					
		11134.681	11056.053	11374.702	12104.996	12200.558	12165.461	13590.528	13359.395	13363.731					
		
3:20:00	24.70	0.536	3.52	0.535	0.401	1.866	5.711	2.165	4.177	5.45					
		10469.49	10740.41	10746.232	8984.366	8486.136	9220.768	8958.391	9338.319	8991.519					
		10708.271	10723.282	10782.769	8992.803	9431.448	9448.48	9261.175	9157.453	8923.725					
		10780.446	10801.367	10804.32	9151.885	9094.934	9381.448	9276.719	9235.228	9008.822					
		10616.873	10682.14	10934.436	9198.335	9202.842	9379.642	9258.437	9352.978	9142.516					
		45.506	48.438	46.842	46.69	48.95	48.083	45.998	49.535	47.821					
		10535.305	11128.291	11426.345	11606.647	12344.546	12542.533	12968.186	13503.927	11986.911					
		11175.208	11093.632	11413.744	12158.274	12238.403	12178.955	13610.032	13388.541	13382.791					
		
3:25:00	24.70	0.579	3.473	0.495	0.471	2.844	6.157	2.002	3.974	5.642					
		10441.202	10715.97	10734.98	8929.794	8470.756	9197.507	8935.889	9310.503	8966.835					
		10688.74	10682.553	10748.255	8968.929	9409.106	9433.983	9243.248	9138.913	8909.6					
		10754.636	10742.167	10777.178	9127.279	9081.181	9343.253	9267.233	9186.632	8979.673					
		10585.783	10644.326	10902.567	9188.433	9163.75	9344.563	9236.177	9332.025	9118.441					
		45.076	48.668	47.423	47.734	49.024	49.197	46.785	49.033	47.312					
		10501.49	11116.29	11423.6	11600.05	12325.567	12513.781	12960.117	13491.804	11971.499					
		11136.5	11069.82	11409.055	12122.426	12229.85	12168.79	13596.331	13370.378	13372.069					
		
3:30:00	24.60	0.534	3.361	0.564	0.454	2.561	6.222	1.546	4.363	5.514					
		10471.312	10744.005	10753.879	8970.569	8488.962	9248.646	8950.541	9325.279	8967.122					
		10697.107	10708.03	10764.804	9001.378	9433.573	9451.694	9261.016	9165.227	8920.31					
		10754.366	10778.437	10784.329	9139.802	9105.374	9381.399	9278.477	9219.134	9002.489					
		10609.479	10654.524	10913.929	9208.28	9199.848	9371.512	9245.236	9353.945	9131.551					
		45.538	47.955	47.573	47.303	48.739	49.63	46.172	49.006	47.719					
		10557.724	11166.182	11478.886	11651.716	12401.959	12572.217	13014.938	13551.145	12010.626					
		11179.256	11127.166	11462.474	12189.468	12301.332	12210.711	13638.877	13395.917	13424.715					
		
3:35:00	24.60	0.72	3.556	1.104	0.592	2.658	5.832	2.046	4.229	5.757					
		10445.726	10741.392	10762.886	8969.681	8471.393	9231.257	8968.014	9322.249	8959.691					
		10683.795	10693.27	10758.023	9002.433	9432.532	9448.047	9251.502	9160.067	8925.484					
		10737.807	10787.531	10798.737	9150.5	9099.934	9380.067	9287.633	9200.473	8977.468					
		10586.875	10664.705	10926.035	9212.42	9205.172	9378.442	9248.971	9346.437	9141.664					
		45.112	48.944	47.355	47.435	48.893	50.129	46.328	49.754	47.186					
		10582.872	11182.401	11498.452	11694.187	12418.761	12611.232	13024.497	13551.309	12041					
		11177.912	11146.941	11490.448	12204.41	12303.151	12213.195	13665.622	13432.362	13417.672					
		
3:40:00	24.60	0.551	3.65	0.908	0.471	2.457	5.985	2.217	3.693	5.514					
		10368.028	10643.132	10693.533	8905.829	8428.125	9172.899	8902.333	9265.707	8885.956					
		10619.736	10624.385	10680.491	8948.248	9379.312	9395.124	9173.829	9092.547	8851.672					
		10688.187	10689.268	10719.132	9084.419	9036.101	9318.4	9216.807	9154.214	8910.118					
		10526.182	10582.363	10853.242	9143.172	9151.432	9317.581	9168.988	9283.995	9058.514					
		44.737	47.638	47.313	47.132	49.017	48.891	46.196	48.81	47.597					
		10523.531	11129.556	11458.746	11623.452	12381.913	12552.456	12954.863	13469.703	11954.644					
		11147.912	11087.003	11438.407	12159.142	12252.11	12181.184	13586.513	13348.254	13351.813					
		
3:45:00	24.60	0.488	3.785	0.834	0.607	2.41	5.667	1.931	3.691	6.117					
		10389.175	10693.121	10727.225	8959.801	8457.492	9213.753	8936.837	9293.59	8922.788					
		10646.069	10663.273	10726.572	8980.474	9405.502	9437.437	9209.954	9114.714	8870.324					
		10721.248	10732.456	10759.836	9137.828	9094.735	9357.431	9238.628	9164.077	8954.129					
		10556.242	10621.974	10885.488	9198.492	9200.601	9366.281	9213.275	9314.461	9084.379					
		44.63	48.057	46.746	47.196	48.907	49.52	46.185	49.119	47.168					
		10585.352	11199.366	11543.521	11692.796	12456.061	12631.653	13021.395	13536.627	12009.735					
		11219.687	11165.87	11507.367	12212.012	12329.582	12230.999	13647.413	13400.66	13431.723					
		
3:50:00	24.60	0.48	3.397	0.779	0.551	1.932	5.889	1.842	3.549	6.119					
		10311.955	10578.226	10607.049	8853.062	8387.689	9118.143	8839.337	9189.793	8835.109					
		10538.092	10542.998	10623.083	8884.471	9320.054	9339.935	9133.914	9012.354	8781.931					
		10613.078	10612.028	10641.387	9030.492	9012.784	9262.547	9153.619	9078.406	8845.459					
		10427.152	10515.031	10781.621	9096.039	9091.473	9270.234	9131.942	9217.873	8988.383					
		44.395	48.533	46.392	47.045	48.125	48.963	46.345	48.096	45.906					
		10489.319	11121.31	11449.447	11610.1	12350.032	12541.501	12922.492	13426.261	11896.392					
		11124.382	11067.552	11401.436	12107.963	12234.372	12134.766	13538.194	13306.562	13311.121					
		
3:55:00	24.60	0.297	3.237	0.986	0.559	2.511	5.786	1.714	4.094	6.16					
		10386.179	10657.117	10687.255	8897.054	8440.618	9199.65	8908.631	9249.467	8881.69					
		10608.429	10628.857	10705.774	8947.751	9385.957	9403.016	9184.539	9088.559	8852.636					
		10668.094	10708.782	10702.517	9105.602	9061.958	9324.357	9240.246	9132.734	8910.413					
		10509.757	10586.289	10863.765	9158.43	9165.999	9339.749	9194.378	9287.311	9053.578					
		44.561	47.794	46.978	47.101	49.128	48.768	46.109	48.823	46.146					
		10611.882	11212.375	11560.146	11725.527	12473.604	12637.78	13040.334	13552.282	11979.378					
		11214.163	11166.448	11506.146	12229.199	12349.081	12233.701	13643.194	13396.903	13403.486					
		
4:00:00	24.70	0.651	3.586	1.1	0.534	2.076	5.916	2.587	4.114	6.305					
		10344.003	10633.964	10668.806	8897.962	8419.838	9169.851	8882.649	9234.048	8842.164					
		10583.745	10591.514	10677.504	8933.365	9361.889	9376.687	9167.783	9055.117	8819.172					
		10646.107	10674.184	10712.81	9080.567	9050.808	9321.294	9217.854	9113.516	8860.791					
		10478.989	10564.088	10851.771	9149.197	9156.13	9313.899	9164.973	9263.523	9022.072					
		44.167	47.95	47.479	47.103	48.303	49.087	45.768	47.793	46.676					
		10602.419	11196.361	11564.497	11727.455	12504.482	12637.072	13008.152	13518.581	11974.165					
		11200.973	11153.173	11529.085	12212.379	12350.278	12203.378	13634.572	13363.275	13390.866					
		
~End
