##BLOCKS= 1          
Plate:	Plate#1	1.3	PlateFormat	Endpoint	Absorbance	Raw	FALSE	1						1	600	1	9	96	1	8	None	
	Temperature(¡C)	1	2	3	4	5	6	7	8	9	10	11	12		
	24.70	0.0495	0.053	0.0474	0.0378	0.0514	0.0488	0.0478	0.0799	0.0571					
		0.9365	1.2313	1.2612	0.8335	1.2844	1.161	1.2617	1.0943	1.1665					
		1.194	1.1552	1.206	1.0981	1.1102	1.1425	1.2138	1.0869	1.1585					
		1.2641	1.1705	1.2662	1.1218	1.2056	1.1949	1.2345	1.1659	1.2483					
		1.3507	1.2492	1.3257	1.2317	1.2229	1.2161	1.2867	1.2862	1.2493					
		0.0531	0.0513	0.0511	0.0494	0.0489	0.0518	0.0559	0.0619	0.0818					
		1.2021	1.103	1.1113	1.1059	1.1805	1.0167	1.3064	1.344	1.3195					
		1.1101	1.3627	1.2235	1.2969	1.2406	1.2944	1.3901	1.3264	1.306					
		
~End
